756413
848695
110644
175653
469224
212982
74663
743199
897141
49033
596650
292850
848292
740681
347913
834142
910831
333417
447869
269379
377123
146667
185698
13590
289600
478695
275380
494283
503252
651058
949957
887299
915856
359998
991307
86295
988520
51380
438075
13930
396541
702505
906599
523707
588825
207624
690768
221148
416499
474445
401164
347543
477307
29429
447662
752322
938626
332297
10259
719963
455371
3154
981756
976884
679977
787786
103253
821698
526322
172779
930174
934457
936222
214942
29424
261897
345299
424512
358872
578093
447784
273386
197213
520475
849802
946724
972955
627832
766894
569194
423271
381807
322186
300363
795989
310484
910622
48283
396470
686491
